# Climate data of Dyblanu.
1   9	0.7 3.093   2.299   3.219   2.383   3.678   2.592   3.093   2.383   3.219   2.299
2   14.5    0.7 5.35    3.428   5.559   3.846   5.977   3.845   5.35    3.846   5.559   3.428
3   22.3    0.7 9.781   5.559   9.864   5.434   10.91   5.977   9.781   5.434   9.864   5.559
4   31.2    0.2 13.961  7.566   14.128  7.399   16.803  7.649   13.961   7.399   14.128  7.566
5   38.1    0.2 18.768  9.238   19.688  9.447   21.694  8.485   18.768  9.447   19.688  9.238
6   41.2    0.2 21.82   9.948   22.029  10.241  24.202  8.611   21.82   10.241  22.029  9.948
7   38.6    0.2 20.482  9.405   21.82   9.865   24.453  7.9     20.482  9.865   21.82   9.405
8   33.8    0.2 17.18   7.775   17.974  8.151   20.775  6.688   17.18   8.151   17.974  7.775
9   25.4    0.2 12.624  5.852   13.167  5.894   15.788  5.559   12.624  5.894   13.167  5.852
10  16.7    0.2 7.315   3.845   7.148   3.782   9.071   4.514   7.315   3.782   7.148   3.845
11  10.3    0.7 2.968   2.03    2.842   1.797   4.221   2.675   2.368   1.797   2.842   2.03
12  7.6     0.7 2.132   1.63    2.257   1.714   3.135   2.215   2.132   1.714   2.257   1.63
